"W_risk.W_prev"	"W_risk.W_atb"	"W_risk.W_treat"	"W_risk.W_access"	"W_risk.W_dose"	"W_risk.W_acq"
"median"	0.505397763912734	0.391554912153715	-0.114277411211543	-0.107875717097274	0.0133525277118091	0.713242517961081
"mean"	0.503756955796915	0.391331704401604	-0.113609997046293	-0.108430342527574	0.0124203790517895	0.711196360881071
"2.5%"	0.451839441995131	0.334324316402161	-0.169186197036496	-0.172185963736862	-0.0445972231361453	0.673396238492047
"97.5%"	0.536874532652976	0.434533992953155	-0.0540467197473185	-0.0459521376826766	0.0894443759832981	0.744730586778491
"L_risk.L_prev" "L_risk.L_atbF" "L_risk.L_atbI" "L_risk.L_husb" "L_risk.L_PHFam" "L_risk.L_NaF" "L_risk.L_NaI" "L_risk.L_CtcAHF" "L_risk.L_CtcAHI" "L_risk.L_tAH" "L_risk.L_HygF" "L_risk.L_HygI"
"median" 0.253204950737885 0.122325076121483 0.0828507660004666 0.224441905399989 -0.398299676371533 0.140733864937458 0.103137329736132 -0.000243504997996016 0.0185371753994509 0.782271309528795 -0.039129277907721 -0.0565064157399487
"mean" 0.254533739219813 0.122422480584572 0.0881531991456696 0.223475476441505 -0.401411235944941 0.138617572384336 0.103460551424623 0.000588258839044397 0.0218324876641115 0.781689902674547 -0.0382656140326147 -0.0608091511263385
"2.5%" 0.181508144550061 0.0630512242248769 0.0291661033577201 0.168006478551389 -0.465276968540442 0.0716192609785424 0.0407471630166241 -0.0566125670736449 -0.0400505901284344 0.753593334808904 -0.0998327241620655 -0.120377568539245
"97.5%" 0.313054328904628 0.204579964945234 0.150795779071228 0.274123002745757 -0.351217261780136 0.198626935938313 0.157187537013884 0.0557042239197928 0.0802942147672687 0.806281371323287 0.0184028067740643 -0.0106918829673321
"F_risk.F_prev"	"F_risk.F_atb"	"F_risk.F_slaugh"	"F_risk.F_ret"	"F_risk.F_cook"	"F_risk.F_dose"	"F_risk.F_acq"
"median"	0.333947046965011	0.11776023976024	0.0133167311730186	0.125746002500494	0.693856704045225	0.480213618716613	0.231520000957127
"mean"	0.335699734071584	0.115310199375534	0.0148148136916738	0.125464710424454	0.693664620821268	0.480397848786655	0.233210025404725
"2.5%"	0.284952125718593	0.052888034121567	-0.0535090418563473	0.0687082438519564	0.665892375777515	0.43353830002333	0.179162197084353
"97.5%"	0.39257650732501	0.167952424820688	0.0793760550826419	0.188710965681026	0.720724020532447	0.529183630740517	0.295679368535656
"H_risk.H_Nhospit"	"H_risk.H_atb"	"H_risk.H_trans"	"H_risk.H_Fmr"	"H_risk.H_hyg"
"median"	0.508518335338528	0.35629480563866	0.0870072340792009	0.346771842542202	-0.129017253368434
"mean"	0.506787508413939	0.358650075265857	0.0886358526612187	0.349762267290574	-0.129419492131687
"2.5%"	0.47041014914969	0.307791257256401	0.0236484042989747	0.290247060121114	-0.186680157781531
"97.5%"	0.563682555473075	0.418161089676169	0.153258143630779	0.397688554099802	-0.0677350550527469
"C_risk.C_atb"	"C_risk.C_trans"	"C_risk.C_effpsan"	"C_risk.C_effhyg"	"C_risk.C_dose"
"median"	0.120902473904437	0.352679963281689	0.20631489166428	0.0871134006730234	0.0117397781917972
"mean"	0.118711441648056	0.352051702022618	0.206346317619932	0.0891646306462635	0.012773817306731
"2.5%"	0.0572215307892772	0.292768800354347	0.127481389505718	0.0223787781201572	-0.0539509735914322
"97.5%"	0.168319748535658	0.402116609613722	0.287254885417644	0.16255336437696	0.0819909605452457
