"W_risk.W_prev"	"W_risk.W_atb"	"W_risk.W_treat"	"W_risk.W_access"	"W_risk.W_dose"	"W_risk.W_acq"
"median"	0.505397763912734	0.391554912153715	-0.114277411211543	-0.107875717097274	0.0133525277118091	0.713242517961081
"mean"	0.503756955796915	0.391331704401604	-0.113609997046293	-0.108430342527574	0.0124203790517895	0.711196360881071
"2.5%"	0.451839441995131	0.334324316402161	-0.169186197036496	-0.172185963736862	-0.0445972231361453	0.673396238492047
"97.5%"	0.536874532652976	0.434533992953155	-0.0540467197473185	-0.0459521376826766	0.0894443759832981	0.744730586778491
"L_risk.L_prev" "L_risk.L_atbF" "L_risk.L_atbI" "L_risk.L_husb" "L_risk.L_PHFam" "L_risk.L_NaF" "L_risk.L_NaI" "L_risk.L_CtcAHF" "L_risk.L_CtcAHI" "L_risk.L_tAH" "L_risk.L_HygF" "L_risk.L_HygI"
"median" 0.240177427363056 0.053573731657564 0.0945096460425802 0.192092123445417 -0.603705731394354 0.0616145531115591 0.118207672566954 0.00132949685045493 0.018017515418713 0.670633522166456 -0.0167857651330705 -0.067063475446709
"mean" 0.243617164243239 0.0538779560393362 0.0984806159631558 0.193348880443088 -0.602577881477034 0.0659116554282262 0.115785379024841 0.00118352792046988 0.023754967034507 0.669062904487461 -0.0165973566363677 -0.0689859605030056
"2.5%" 0.171457763793093 -0.00660815830875711 0.0433953112755508 0.128426896456837 -0.651876740026441 -0.00511764283620571 0.0537359646341682 -0.0615871792877781 -0.0275450477666047 0.632644762423206 -0.0836226348501798 -0.120289381277405
"97.5%" 0.30163431777803 0.128554630997745 0.166842875687187 0.238479400838682 -0.563420722989585 0.131318537749675 0.176381193656643 0.0585443000113659 0.0865211375450896 0.70659648734499 0.0370502611161294 -0.0255440427835637
"F_risk.F_prev"	"F_risk.F_atb"	"F_risk.F_slaugh"	"F_risk.F_ret"	"F_risk.F_cook"	"F_risk.F_dose"	"F_risk.F_acq"
"median"	0.333947046965011	0.11776023976024	0.0133167311730186	0.125746002500494	0.693856704045225	0.480213618716613	0.231520000957127
"mean"	0.335699734071584	0.115310199375534	0.0148148136916738	0.125464710424454	0.693664620821268	0.480397848786655	0.233210025404725
"2.5%"	0.284952125718593	0.052888034121567	-0.0535090418563473	0.0687082438519564	0.665892375777515	0.43353830002333	0.179162197084353
"97.5%"	0.39257650732501	0.167952424820688	0.0793760550826419	0.188710965681026	0.720724020532447	0.529183630740517	0.295679368535656
"H_risk.H_Nhospit"	"H_risk.H_atb"	"H_risk.H_trans"	"H_risk.H_Fmr"	"H_risk.H_hyg"
"median"	0.490966342710618	0.357636275632385	0.087197294427105	0.338806443875329	-0.126454380966482
"mean"	0.492662117108725	0.360295055320716	0.085736619528295	0.339832613325112	-0.126531888704592
"2.5%"	0.456800176841805	0.302871424924927	0.0195153199673895	0.275661425358408	-0.186024899613892
"97.5%"	0.556222194698373	0.421185860575016	0.150953073001459	0.3948654353813	-0.0681317934706426
"C_risk.C_atb"	"C_risk.C_trans"	"C_risk.C_effpsan"	"C_risk.C_effhyg"	"C_risk.C_dose"
"median"	0.114168061939871	0.340766691968713	0.205762723661554	0.0850993207356449	0.00945593279992401
"mean"	0.11683087415601	0.338301904447542	0.205215336731555	0.0873771197515239	0.0109463751614867
"2.5%"	0.0600333979298948	0.279434128148962	0.118008116164336	0.0156793011063866	-0.061381482071793
"97.5%"	0.179714473661331	0.393768548752582	0.284620837989173	0.156017589179303	0.0867121005288383
