"W_risk.W_prev"	"W_risk.W_atb"	"W_risk.W_treat"	"W_risk.W_access"	"W_risk.W_dose"	"W_risk.W_acq"
"median"	0.505397763912734	0.391554912153715	-0.114277411211543	-0.107875717097274	0.0133525277118091	0.713242517961081
"mean"	0.503756955796915	0.391331704401604	-0.113609997046293	-0.108430342527574	0.0124203790517895	0.711196360881071
"2.5%"	0.451839441995131	0.334324316402161	-0.169186197036496	-0.172185963736862	-0.0445972231361453	0.673396238492047
"97.5%"	0.536874532652976	0.434533992953155	-0.0540467197473185	-0.0459521376826766	0.0894443759832981	0.744730586778491
"L_risk.L_prev" "L_risk.L_atbF" "L_risk.L_atbI" "L_risk.L_husb" "L_risk.L_PHFam" "L_risk.L_NaF" "L_risk.L_NaI" "L_risk.L_CtcAHF" "L_risk.L_CtcAHI" "L_risk.L_tAH" "L_risk.L_HygF" "L_risk.L_HygI"
"median" 0.420228023473532 0.101178964747827 0.0933669205046451 0.205493883362147 -0.374377311311443 0.127155228005527 0.0989247160025603 -0.00130505422720992 0.018124282902726 0.725510118623891 -0.036761621611921 -0.0509599263012437
"mean" 0.422769433092549 0.104103248029613 0.0986932905832532 0.207253548964819 -0.377969990287178 0.127584589478228 0.0953239669561481 0.000584372288646908 0.0213065823131632 0.724249848686915 -0.0351931532035878 -0.0561554532501352
"2.5%" 0.365975485592252 0.0367836893645277 0.0452184522064762 0.148252663504161 -0.43936208103274 0.0617279786082181 0.0315084436521562 -0.0601522489486561 -0.0397400623328767 0.69310177846106 -0.0958576573127471 -0.12202586634922
"97.5%" 0.473450435791753 0.18233167431371 0.156771019399762 0.264948835595542 -0.329340276489977 0.18761571362769 0.157879378106923 0.0544753031399738 0.0831912398978267 0.754777420184606 0.0165219989591247 -0.00613453612256007
"F_risk.F_prev"	"F_risk.F_atb"	"F_risk.F_slaugh"	"F_risk.F_ret"	"F_risk.F_cook"	"F_risk.F_dose"	"F_risk.F_acq"
"median"	0.333947046965011	0.11776023976024	0.0133167311730186	0.125746002500494	0.693856704045225	0.480213618716613	0.231520000957127
"mean"	0.335699734071584	0.115310199375534	0.0148148136916738	0.125464710424454	0.693664620821268	0.480397848786655	0.233210025404725
"2.5%"	0.284952125718593	0.052888034121567	-0.0535090418563473	0.0687082438519564	0.665892375777515	0.43353830002333	0.179162197084353
"97.5%"	0.39257650732501	0.167952424820688	0.0793760550826419	0.188710965681026	0.720724020532447	0.529183630740517	0.295679368535656
"H_risk.H_Nhospit"	"H_risk.H_atb"	"H_risk.H_trans"	"H_risk.H_Fmr"	"H_risk.H_hyg"
"median"	0.471838717752087	0.366416467033179	0.088448596488128	0.330041726139327	-0.118502510695132
"mean"	0.475246281805127	0.36444265216065	0.084599105706132	0.327034631553439	-0.121659371891426
"2.5%"	0.431970307924538	0.294398152281919	0.0208787801587386	0.248320864017559	-0.19552515943666
"97.5%"	0.534282494950699	0.429047234233128	0.143573930548259	0.383849953125967	-0.0653380483153024
"C_risk.C_atb"	"C_risk.C_trans"	"C_risk.C_effpsan"	"C_risk.C_effhyg"	"C_risk.C_dose"
"median"	0.116187136672961	0.32013449140087	0.202396658507429	0.0807715458671087	0.0116840296516193
"mean"	0.117960374119108	0.320756532735525	0.203601921893671	0.0851290867516777	0.0112015402731464
"2.5%"	0.0564426798493929	0.256765870130998	0.10996924176612	0.00411920341332895	-0.0584423295865918
"97.5%"	0.183931366925855	0.383872746967239	0.29512448759706	0.165745202953563	0.0987364076178889
